#regionID	maxMismatching	starshipElements	starshipFamilies	refsWithValidatedSites	emptyRegions	emptyInsertionSites	fragmentedRegions	fragmentedInsertionSites	omesWithElement	omesWithEmpty	omesWithFrag
region0001	24	19	10	7	11	5	44	13	13	8	41
region0002	20	12	3	3	0	0	14	31	12	0	14
region0003	28	8	4	3	32	3	137	18	8	32	127
region0004	16	9	2	2	0	0	29	22	8	0	29
region0005	22	9	6	5	0	0	25	26	6	0	25
region0006	14	9	3	3	22	13	3	0	6	22	3
region0007	24	8	3	2	1	0	76	6	8	1	71
region0008	18	8	3	3	6	0	25	6	5	6	25
region0009	13	7	2	2	0	0	39	12	7	0	39
region0010	20	7	3	3	0	0	19	10	4	0	19
region0011	10	7	3	2	0	0	18	15	7	0	18
region0012	23	6	5	3	0	0	70	8	4	0	70
region0013	24	6	5	5	0	0	29	50	6	0	29
region0014	11	6	2	2	0	0	28	24	6	0	28
region0015	16	5	3	2	0	0	60	26	5	0	60
region0016	22	5	3	2	15	0	12	5	5	15	12
region0017	20	5	2	2	0	0	25	13	5	0	25
region0018	20	5	2	2	1	1	23	13	5	1	22
region0019	5	5	3	3	0	0	16	15	3	0	16
region0020	20	4	3	1	6	0	138	3	4	6	138
region0021	9	4	1	0	54	0	5	0	4	54	5
region0022	20	4	3	1	43	0	10	1	4	43	10
region0023	12	4	2	2	40	6	0	0	4	40	0
region0024	16	4	2	2	0	0	31	9	4	0	31
region0025	21	4	4	2	0	0	29	1	2	0	29
region0026	14	4	3	3	0	0	19	9	2	0	19
region0027	9	4	4	4	4	11	3	10	1	4	3
region0028	9	4	4	3	2	4	1	1	3	2	1
region0029	20	3	2	1	64	0	21	1	3	64	21
region0030	13	1	1	1	62	5	16	1	1	62	16
region0031	24	3	3	2	43	2	33	1	3	41	33
region0032	7	2	1	1	31	5	23	9	2	31	23
region0033	20	3	3	3	8	0	43	67	3	8	43
region0034	11	3	2	2	2	1	41	15	2	2	41
region0035	22	3	2	1	13	0	16	1	2	13	16
region0036	12	3	2	2	2	0	26	9	2	2	26
region0037	8	3	2	2	1	0	27	17	3	1	27
region0038	6	3	2	2	1	0	22	3	3	1	22
region0039	8	3	3	3	17	11	2	2	3	17	2
region0040	9	2	2	1	3	3	14	1	1	3	14
region0041	16	3	3	2	6	1	9	2	3	6	9
region0042	6	3	3	2	5	1	7	8	1	5	7
region0043	8	3	1	1	0	0	7	1	3	0	7
region0044	8	3	3	3	2	2	4	5	2	2	4
region0045	11	3	2	0	0	0	5	0	3	0	5
region0046	8	3	3	3	1	2	4	8	3	1	4
region0047	10	3	1	1	0	0	4	2	3	0	4
region0048	7	3	3	3	0	0	3	6	1	0	3
region0049	0	3	1	0	0	0	0	0	3	0	0
region0050	14	2	2	2	29	9	60	7	2	29	60
region0051	7	2	1	0	38	0	31	0	2	38	31
region0052	10	2	1	1	59	3	5	0	2	59	5
region0053	15	2	1	1	0	0	45	11	2	0	45
region0054	8	2	1	1	2	0	42	38	2	2	42
region0055	21	2	2	2	0	0	36	17	2	0	36
region0056	12	2	1	1	12	0	24	7	2	12	24
region0057	14	2	2	2	0	0	35	11	2	0	35
region0058	16	2	1	1	8	5	23	3	2	8	23
region0059	14	2	1	1	12	1	14	0	2	12	14
region0060	7	2	1	1	9	5	16	8	2	9	16
region0061	4	2	1	1	0	0	23	8	2	0	23
region0062	19	2	2	2	0	0	22	10	2	0	22
region0063	5	2	1	1	0	0	20	2	2	0	20
region0064	8	2	1	1	20	10	0	0	2	20	0
region0065	12	2	1	1	16	2	3	1	2	16	3
region0066	10	2	1	0	16	0	0	0	2	16	0
region0067	10	2	1	1	0	0	16	6	2	0	16
region0068	7	2	1	1	8	1	3	1	2	8	3
region0069	4	2	2	2	5	0	5	1	1	5	5
region0070	7	2	1	1	1	0	9	4	2	1	9
region0071	6	2	2	2	6	4	3	0	1	6	3
region0072	5	2	1	0	7	0	2	0	2	7	2
region0073	16	2	2	2	1	1	6	2	2	1	6
region0074	7	2	1	0	2	0	5	0	2	2	5
region0075	9	2	1	1	0	0	7	2	2	0	7
region0077	5	2	1	1	4	1	3	0	2	4	3
region0078	3	2	2	2	2	0	4	1	1	2	4
region0079	8	2	1	1	4	0	2	1	2	4	2
region0080	7	2	1	0	5	0	1	0	2	5	1
region0081	6	1	1	0	5	0	1	0	1	5	1
region0082	9	2	1	1	5	2	0	0	2	5	0
region0083	6	2	1	1	0	0	5	4	2	0	5
region0084	3	2	1	0	0	0	5	0	1	0	5
region0085	8	2	1	1	0	0	4	2	2	0	4
region0086	9	2	2	1	2	1	2	2	1	2	2
region0087	6	2	2	2	3	1	0	0	2	3	0
region0088	5	2	1	1	0	0	3	2	2	0	3
region0089	5	2	2	2	2	1	1	1	1	2	1
region0090	3	2	1	1	1	1	2	0	2	1	2
region0091	3	2	2	2	0	0	3	1	1	0	3
region0092	6	2	1	0	2	0	0	0	2	2	0
region0093	1	2	1	1	0	0	2	2	2	0	2
region0094	3	2	1	1	0	0	2	1	1	0	2
region0095	4	2	1	1	1	1	0	0	2	1	0
region0096	6	2	1	1	0	0	1	1	2	0	1
region0097	4	2	1	1	0	0	1	1	2	0	1
region0098	4	2	2	1	0	0	1	1	1	0	1
region0099	1	2	1	0	0	0	0	0	2	0	0
region0100	1	2	1	0	0	0	0	0	2	0	0
region0101	0	2	1	0	0	0	0	0	2	0	0
region0102	0	2	1	0	0	0	0	0	2	0	0
region0103	0	2	1	0	0	0	0	0	2	0	0
region0104	1	2	1	0	0	0	0	0	2	0	0
region0105	2	2	1	0	0	0	0	0	2	0	0
region0106	12	1	1	1	17	2	86	9	1	17	86
region0107	12	1	1	1	72	5	15	0	1	72	15
region0108	8	1	1	1	76	1	5	0	1	76	5
region0109	11	1	1	1	59	27	15	0	1	59	15
region0110	9	1	1	1	69	25	0	0	1	69	0
region0111	14	1	1	1	0	0	64	3	1	0	64
region0112	10	1	1	1	0	0	58	4	1	0	58
region0113	12	1	1	1	6	1	40	4	1	6	40
region0114	8	1	1	1	0	0	45	8	1	0	45
region0115	7	1	1	1	0	0	35	2	1	0	35
region0116	9	1	1	1	0	0	32	18	1	0	32
region0117	7	1	1	0	0	0	32	0	1	0	32
region0118	10	1	1	1	16	1	14	2	1	16	14
region0119	15	1	1	1	13	0	16	1	1	13	16
region0120	7	1	1	0	4	0	25	0	1	4	25
region0121	12	1	1	1	0	0	26	18	1	0	26
region0122	8	1	1	0	13	0	13	0	1	13	13
region0123	4	1	1	1	0	0	23	7	1	0	23
region0124	6	1	1	1	23	8	0	0	1	23	0
region0125	6	1	1	1	19	1	3	0	1	19	3
region0126	8	1	1	1	2	0	19	1	1	2	19
region0127	8	1	1	1	0	0	20	2	1	0	20
region0128	10	1	1	1	5	2	14	1	1	5	14
region0129	3	1	1	1	13	11	6	1	1	13	6
region0130	6	1	1	1	0	0	18	3	1	0	18
region0132	6	1	1	1	16	2	2	0	1	16	2
region0133	5	1	1	1	2	2	15	15	1	2	15
region0134	4	1	1	1	0	0	17	10	1	0	17
region0135	5	1	1	0	1	0	16	0	1	1	16
region0136	7	1	1	1	0	0	16	8	1	0	16
region0137	6	1	1	1	2	2	14	11	1	2	14
region0138	9	1	1	1	0	0	15	7	1	0	15
region0139	6	1	1	1	7	7	6	4	1	7	6
region0140	7	1	1	1	1	1	11	5	1	1	11
region0141	7	1	1	1	9	0	3	1	1	9	3
region0142	7	1	1	0	3	0	9	0	1	3	9
region0143	8	1	1	1	0	0	11	6	1	0	11
region0144	5	1	1	1	2	0	9	2	1	2	9
region0145	2	1	1	1	0	0	11	6	1	0	11
region0146	4	1	1	1	0	0	11	1	1	0	11
region0147	6	1	1	0	2	0	9	0	1	2	9
region0148	5	1	1	0	10	0	1	0	1	10	1
region0149	4	1	1	1	10	0	1	1	1	10	1
region0150	10	1	1	1	3	0	7	1	1	3	7
region0151	5	1	1	0	2	0	8	0	1	2	8
region0152	7	1	1	1	0	0	10	2	1	0	10
region0153	14	1	1	1	4	1	6	0	1	4	6
region0154	5	1	1	1	0	0	10	5	1	0	10
region0155	4	1	1	1	0	0	9	3	1	0	9
region0156	2	1	1	1	3	1	6	0	1	3	6
region0157	7	1	1	1	0	0	9	1	1	0	9
region0158	6	1	1	0	4	0	4	0	1	4	4
region0159	7	1	1	1	5	2	3	0	1	5	3
region0160	6	1	1	1	0	0	8	8	1	0	8
region0161	6	1	1	1	0	0	8	7	1	0	8
region0162	6	1	1	1	1	0	7	2	1	1	7
region0163	7	1	1	1	4	1	4	0	1	4	4
region0164	7	1	1	1	0	0	8	3	1	0	8
region0165	6	1	1	1	0	0	8	2	1	0	8
region0166	5	1	1	0	0	0	7	0	1	0	7
region0167	4	1	1	0	0	0	7	0	1	0	7
region0168	4	1	1	1	0	0	7	2	1	0	7
region0169	8	1	1	1	4	2	3	1	1	4	3
region0170	4	1	1	1	7	1	0	0	1	7	0
region0171	5	1	1	0	5	0	2	0	1	5	2
region0172	6	1	1	1	1	0	5	1	1	1	5
region0173	6	1	1	1	0	0	6	1	1	0	6
region0174	8	1	1	1	2	0	4	3	1	2	4
region0175	7	1	1	1	1	0	4	1	1	1	4
region0176	4	1	1	1	2	0	3	3	1	2	3
region0177	3	1	1	1	5	5	0	0	1	5	0
region0178	3	1	1	1	5	2	0	0	1	5	0
region0179	3	1	1	1	0	0	5	4	1	0	5
region0180	3	1	1	1	5	2	0	0	1	5	0
region0181	6	1	1	1	0	0	5	2	1	0	5
region0182	5	1	1	0	0	0	5	0	1	0	5
region0183	7	1	1	1	5	1	0	0	1	5	0
region0184	4	1	1	0	0	0	5	0	1	0	5
region0185	4	1	1	1	5	1	0	0	1	5	0
region0187	5	1	1	1	0	0	4	1	1	0	4
region0188	4	1	1	0	3	0	1	0	1	3	1
region0189	2	1	1	1	0	0	4	3	1	0	4
region0190	2	1	1	1	2	1	2	0	1	2	2
region0191	4	1	1	1	0	0	3	1	1	0	3
region0192	3	1	1	1	3	2	0	0	1	3	0
region0193	4	1	1	0	0	0	3	0	1	0	3
region0194	4	1	1	0	0	0	3	0	1	0	3
region0195	3	1	1	1	0	0	3	2	1	0	3
region0196	4	1	1	1	0	0	3	1	1	0	3
region0197	4	1	1	1	0	0	3	2	1	0	3
region0198	2	1	1	1	0	0	3	2	1	0	3
region0199	4	1	1	1	3	1	0	0	1	3	0
region0200	0	1	1	1	2	1	1	0	1	2	1
region0201	1	1	1	1	0	0	3	1	1	0	3
region0202	3	1	1	1	3	1	0	0	1	3	0
region0203	5	1	1	1	0	0	3	1	1	0	3
region0204	8	1	1	1	1	0	2	1	1	1	2
region0205	14	1	1	1	1	0	1	1	1	1	1
region0206	5	1	1	1	0	0	2	1	1	0	2
region0207	0	1	1	1	2	2	0	0	1	2	0
region0208	3	1	1	1	0	0	2	1	1	0	2
region0209	4	1	1	0	0	0	2	0	1	0	2
region0210	4	1	1	1	2	2	0	0	1	2	0
region0211	5	1	1	1	0	0	2	1	1	0	2
region0212	4	1	1	0	0	0	2	0	1	0	2
region0213	4	1	1	0	0	0	2	0	1	0	2
region0214	2	1	1	1	0	0	2	1	1	0	2
region0215	2	1	1	1	0	0	2	1	1	0	2
region0216	2	1	1	1	0	0	2	1	1	0	2
region0217	3	1	1	1	0	0	2	2	1	0	2
region0218	4	1	1	0	0	0	2	0	1	0	2
region0219	3	1	1	1	0	0	2	2	1	0	2
region0220	5	1	1	1	2	1	0	0	1	2	0
region0221	1	1	1	1	0	0	2	1	1	0	2
region0222	1	1	1	1	1	0	1	1	1	1	1
region0223	1	1	1	1	2	1	0	0	1	2	0
region0224	1	1	1	1	1	1	1	1	1	1	1
region0225	2	1	1	0	0	0	1	0	1	0	1
region0226	0	1	1	1	1	1	0	0	1	1	0
region0227	2	1	1	1	0	0	1	1	1	0	1
region0228	4	1	1	1	0	0	1	1	1	0	1
region0229	4	1	1	0	0	0	1	0	1	0	1
region0230	3	1	1	1	0	0	1	1	1	0	1
region0231	4	1	1	1	0	0	1	1	1	0	1
region0232	1	1	1	1	0	0	1	1	1	0	1
region0233	1	1	1	1	1	1	0	0	1	1	0
region0234	3	1	1	1	1	1	0	0	1	1	0
region0235	4	1	1	0	0	0	1	0	1	0	1
region0236	1	1	1	1	0	0	1	1	1	0	1
region0237	3	1	1	1	0	0	1	1	1	0	1
region0238	3	1	1	1	1	1	0	0	1	1	0
region0239	4	1	1	0	0	0	1	0	1	0	1
region0240	0	1	1	1	1	1	0	0	1	1	0
region0241	5	1	1	0	0	0	1	0	1	0	1
region0242	2	1	1	1	1	1	0	0	1	1	0
region0243	4	1	1	1	1	1	0	0	1	1	0
region0244	2	1	1	1	0	0	1	1	1	0	1
region0245	0	1	1	0	0	0	0	0	1	0	0
region0246	0	1	1	0	0	0	0	0	1	0	0
region0247	0	1	1	0	0	0	0	0	1	0	0
region0248	0	1	1	0	0	0	0	0	1	0	0
region0249	0	1	1	0	0	0	0	0	1	0	0
region0250	0	1	1	0	0	0	0	0	1	0	0
region0251	0	1	1	0	0	0	0	0	1	0	0
region0252	0	1	1	0	0	0	0	0	1	0	0
region0253	0	1	1	0	0	0	0	0	1	0	0
region0254	0	1	1	0	0	0	0	0	1	0	0
region0255	0	1	1	0	0	0	0	0	1	0	0
region0256	0	1	1	0	0	0	0	0	1	0	0
region0257	0	1	1	0	0	0	0	0	1	0	0
region0258	0	1	1	0	0	0	0	0	1	0	0
region0259	0	1	1	0	0	0	0	0	1	0	0
region0260	0	1	1	0	0	0	0	0	1	0	0
region0261	0	1	1	0	0	0	0	0	1	0	0
region0262	0	1	1	0	0	0	0	0	1	0	0
region0263	0	1	1	0	0	0	0	0	1	0	0
region0264	0	1	1	0	0	0	0	0	1	0	0
region0265	0	1	1	0	0	0	0	0	1	0	0
region0266	0	1	1	0	0	0	0	0	1	0	0
region0267	0	1	1	0	0	0	0	0	1	0	0
region0268	0	1	1	0	0	0	0	0	1	0	0
region0269	0	1	1	0	0	0	0	0	1	0	0
region0270	0	1	1	0	0	0	0	0	1	0	0
region0271	0	1	1	0	0	0	0	0	1	0	0
region0272	0	1	1	0	0	0	0	0	1	0	0
region0273	0	1	1	0	0	0	0	0	1	0	0
region0274	0	1	1	0	0	0	0	0	1	0	0
region0275	0	1	1	0	0	0	0	0	1	0	0
region0276	0	1	1	0	0	0	0	0	1	0	0
region0277	0	1	1	0	0	0	0	0	1	0	0
region0278	0	1	1	0	0	0	0	0	1	0	0
region0279	0	1	1	0	0	0	0	0	1	0	0
region0280	0	1	1	0	0	0	0	0	1	0	0
region0281	0	1	1	0	0	0	0	0	1	0	0
region0282	0	1	1	0	0	0	0	0	1	0	0
region0283	0	1	1	0	0	0	0	0	1	0	0
region0284	0	1	1	0	0	0	0	0	1	0	0
region0285	0	1	1	0	0	0	0	0	1	0	0
region0286	0	1	1	0	0	0	0	0	1	0	0
region0287	0	1	1	0	0	0	0	0	1	0	0
region0288	0	1	1	0	0	0	0	0	1	0	0
region0289	0	1	1	0	0	0	0	0	1	0	0
region0290	0	1	1	0	0	0	0	0	1	0	0
region0291	0	1	1	0	0	0	0	0	1	0	0
region0292	0	1	1	0	0	0	0	0	1	0	0
region0293	0	1	1	0	0	0	0	0	1	0	0
region0294	0	1	1	0	0	0	0	0	1	0	0
region0295	0	1	1	0	0	0	0	0	1	0	0
region0296	0	1	1	0	0	0	0	0	1	0	0
region0297	0	1	1	0	0	0	0	0	1	0	0
region0298	0	1	1	0	0	0	0	0	1	0	0
region0299	0	1	1	0	0	0	0	0	1	0	0
region0300	0	1	1	0	0	0	0	0	1	0	0
